18003 A4
O 28588 0,00 0,00 0,01 0,02 0,07 0,71 11,06 7,47 9,62 13,78 17,06 17,18 9,98 13,04
L 8647 0,16 0,36 2,65 15,31 34,57 28,20 12,60 4,17 1,33 0,41 0,14 0,05 0,02 0,02
18004 94 C 1274 0,49 0,96 5,45 24,92 36,66 21,57 7,35 1,82 0,51 0,18 0,05 0,01 0,00 0,03
O 9921 0,20 0,44 3,00 16,50 34,82 27,38 11,95 3,88 1,23 0,38 0,13 0,05 0,02 0,02
L 7763 0,31 0,55 2,13 16,13 42,23 26,92 8,19 2,38 0,75 0,25 0,09 0,04 0,01 0,02
18005 73 C 3131 0,61 0,68 2,05 14,63 43,48 28,56 8,26 1,22 0,25 0,07 0,03 0,01 0,01 0,14
O 10894 0,39 0,58 2,11 15,72 42,58 27,37 8,21 2,07 0,61 0,20 0,07 0,03 0,01 0,05
L 24139 0,11 0,00 0,01 0,05 0,21 1,04 4,11 7,73 13,31 17,34 19,31 17,88 8,95 9,95
18012 A4 C 5496 0,03 0,01 0,03 0,14 0,78 6,43 49,01 17,48 10,61 7,39 5,00 2,10 0,56 0,44
O 29635 0,10 0,01 0,02 0,06 0,31 2,02 12,28 9,50 12,82 15,53 16,70 15,01 7,42 8,22
L 9581 0,46 0,48 1,32 10,48 38,68 33,55 10,98 2,88 0,83 0,22 0,07 0,02 0,01 0,00
18013 28 C 958 0,56 0,61 1,37 11,66 44,82 31,64 7,85 1,15 0,22 0,03 0,02 0,01 0,01 0,06
O 10539 0,47 0,49 1,33 10,58 39,20 33,39 10,72 2,73 0,78 0,21 0,07 0,02 0,01 0,01
12. Rzeszów
L 20811 0,34 0,20 1,18 7,63 25,27 29,30 19,70 10,45 4,15 1,20 0,39 0,12 0,04 0,03
18018 94 C 1561 0,97 0,58 2,16 12,04 32,28 29,19 15,11 5,77 1,34 0,39 0,08 0,02 0,00 0,06
O 22372 0,37 0,21 1,22 7,80 25,54 29,29 19,52 10,27 4,04 1,17 0,38 0,11 0,04 0,03
L 10098 0,24 0,39 1,68 12,20 40,54 30,19 9,96 3,07 1,12 0,38 0,15 0,05 0,02 0,02
18019 19 C 2834 0,25 0,51 1,60 11,58 43,01 33,01 8,61 1,23 0,17 0,03 0,01 0,00 0,00 0,00
O 12932 0,24 0,41 1,67 12,10 40,94 30,65 9,74 2,77 0,97 0,32 0,12 0,04 0,02 0,02
L 15563 0,10 0,32 2,54 19,82 43,91 23,75 6,79 1,93 0,59 0,16 0,06 0,02 0,01 0,01
18069 77 C 2361 0,14 0,41 2,68 22,89 45,26 20,91 5,89 1,41 0,32 0,07 0,01 0,01 0,00 0,02
O 17924 0,11 0,34 2,56 20,21 44,08 23,39 6,67 1,86 0,56 0,15 0,05 0,02 0,01 0,01
L 5986 0,11 0,28 0,75 4,28 23,52 38,85 21,22 7,03 2,52 0,86 0,34 0,12 0,06 0,04
18070 9 C 2180 0,10 0,22 0,70 3,77 21,42 39,85 27,24 5,54 0,78 0,24 0,09 0,03 0,01 0,01
O 8166 0,10 0,27 0,74 4,15 22,97 39,12 22,81 6,64 2,06 0,70 0,28 0,10 0,05 0,04
L 7218 0,36 0,48 1,68 8,88 31,03 35,07 15,11 4,80 1,68 0,55 0,21 0,07 0,04 0,03
18071 28 C 1803 0,27 0,51 2,08 10,79 34,37 34,57 13,46 3,18 0,56 0,14 0,03 0,01 0,00 0,03
O 9021 0,34 0,49 1,76 9,26 31,69 34,97 14,78 4,48 1,46 0,47 0,17 0,06 0,03 0,03
L 15092 0,00 0,01 0,01 0,03 0,13 0,61 3,02 6,51 12,20 22,81 23,80 15,72 7,78 7,36
32001 S6 C 1604 0,01 0,02 0,03 0,13 0,59 4,67 72,66 19,14 2,21 0,35 0,14 0,03 0,01 0,00
O 16696 0,01 0,01 0,01 0,04 0,17 0,98 9,42 7,67 11,28 20,75 21,62 14,28 7,07 6,69
L 31164 0,43 0,30 0,29 0,30 0,38 1,10 4,90 9,51 15,02 23,35 22,03 12,81 5,48 4,12
32006 S3 C 3676 0,07 0,05 0,06 0,11 0,64 5,22 70,28 21,12 2,08 0,25 0,09 0,03 0,01 0,00
O 34840 0,39 0,27 0,27 0,28 0,40 1,52 11,59 10,69 13,69 20,99 19,78 11,50 4,92 3,70
L 8095 0,03 0,01 0,01 0,02 0,10 0,42 1,86 5,15 12,15 19,76 23,57 17,05 9,22 10,64
32015 S11 C 1022 0,01 0,03 0,06 0,08 0,36 3,72 67,93 21,96 3,35 1,23 0,81 0,40 0,02 0,02
O 9117 0,03 0,01 0,02 0,03 0,13 0,79 9,15 7,00 11,18 17,71 21,06 15,21 8,20 9,47
13. Szczecin
L 12270 0,06 0,03 0,02 0,04 0,15 0,42 1,67 4,11 10,22 20,62 25,67 17,62 9,42 9,95
32027 S6 C 1898 0,03 0,05 0,04 0,15 0,40 4,10 68,86 15,83 5,60 2,77 1,56 0,51 0,06 0,04
O 14168 0,06 0,04 0,02 0,06 0,19 0,93 11,06 5,74 9,57 18,13 22,30 15,23 8,11 8,56
L 6595 0,02 0,00 0,01 0,02 0,05 0,33 1,70 4,81 11,53 19,34 23,78 17,63 9,67 11,11
32030 S11 C 949 0,00 0,01 0,08 0,08 0,31 4,01 66,76 23,60 3,31 0,94 0,62 0,25 0,02 0,02
O 7544 0,02 0,00 0,02 0,02 0,08 0,76 9,18 6,97 10,58 17,22 21,12 15,63 8,56 9,83
L 4829 0,28 0,68 4,63 22,40 34,08 23,79 10,09 2,99 0,79 0,20 0,04 0,01 0,00 0,01
32116 10 C 1751 0,16 0,29 2,31 14,87 37,60 33,63 10,77 0,35 0,01 0,00 0,00 0,00 0,00 0,00
O 6580 0,25 0,58 4,03 20,45 34,99 26,34 10,27 2,30 0,59 0,15 0,03 0,01 0,00 0,01
L 6272 0,26 0,30 0,67 2,72 15,57 32,47 25,38 12,56 5,92 2,34 1,08 0,41 0,16 0,14
14003 62 C 1148 0,09 0,19 0,48 2,12 15,42 40,29 35,39 5,48 0,41 0,07 0,02 0,01 0,00 0,02
O 7420 0,24 0,29 0,65 2,63 15,55 33,66 26,90 11,48 5,08 1,99 0,92 0,35 0,14 0,12
L 5041 1,16 0,21 0,46 2,48 13,15 28,86 27,67 14,92 6,83 2,53 1,08 0,39 0,13 0,13
14004 60 C 1440 0,19 0,32 0,55 3,40 21,56 38,56 30,49 4,69 0,15 0,05 0,02 0,00 0,00 0,02
O 6481 0,95 0,23 0,48 2,68 14,99 30,99 28,28 12,68 5,37 1,99 0,85 0,30 0,11 0,10
L 7642 0,12 0,23 1,52 10,41 28,79 30,23 17,58 7,40 2,60 0,73 0,26 0,08 0,02 0,02
14005 60c C 1709 0,09 0,26 1,24 10,04 33,12 36,21 17,03 1,91 0,08 0,02 0,00 0,00 0,00 0,00
O 9351 0,11 0,24 1,47 10,34 29,58 31,32 17,48 6,41 2,14 0,61 0,21 0,07 0,02 0,02
L 134122 1,08 0,34 0,50 0,67 1,23 4,15 10,75 15,76 20,62 17,24 14,01 8,10 3,34 2,21
14007 S2 C 18581 0,44 0,29 0,36 0,51 1,65 10,69 59,69 20,03 3,88 1,62 0,61 0,19 0,01 0,01
O 152703 1,00 0,33 0,48 0,65 1,28 4,94 16,63 16,28 18,61 15,37 12,40 7,15 2,94 1,94
L 5963 0,34 0,19 0,54 3,48 17,19 32,73 26,98 11,98 4,35 1,39 0,54 0,18 0,07 0,05
14010 9 C 1326 0,19 0,21 0,47 3,34 18,69 38,22 32,79 5,18 0,74 0,13 0,04 0,01 0,00 0,00
O 7289 0,31 0,19 0,53 3,46 17,45 33,71 28,02 10,77 3,71 1,16 0,45 0,15 0,05 0,04
L 50603 0,08 0,06 0,58 7,46 28,57 32,44 19,60 7,64 2,39 0,65 0,28 0,12 0,04 0,07
14011 61a C 1768 0,09 0,32 3,92 25,37 42,45 20,24 6,09 1,19 0,22 0,05 0,02 0,01 0,00 0,04
O 52371 0,08 0,07 0,69 8,06 29,03 32,04 19,15 7,42 2,32 0,63 0,27 0,12 0,04 0,07
L 2494 0,19 0,11 0,44 2,87 12,39 26,01 28,52 17,48 7,81 2,67 1,02 0,31 0,11 0,08
14012 92 C 331 0,72 0,45 0,81 4,29 18,39 35,30 31,17 6,76 1,66 0,38 0,07 0,02 0,00 0,00
O 2825 0,25 0,15 0,48 3,04 13,08 27,08 28,82 16,25 7,10 2,41 0,91 0,28 0,10 0,07
L 16389 2,30 1,51 5,91 26,39 41,16 16,79 3,78 0,94 0,40 0,11 0,16 0,02 0,02 0,51
14013 79 C 914 1,22 1,57 6,75 31,33 40,29 13,27 2,90 0,42 0,40 0,07 0,18 0,02 0,01 1,58
O 17303 2,25 1,51 5,96 26,65 41,11 16,60 3,73 0,91 0,40 0,11 0,16 0,02 0,02 0,57
L 34689 0,11 0,03 0,04 0,08 0,15 0,59 3,28 6,81 14,76 21,24 23,44 16,39 7,66 5,42
14014 S17 C 5923 0,02 0,01 0,02 0,05 0,18 3,62 73,25 16,40 4,30 1,17 0,68 0,26 0,02 0,02
O 40612 0,10 0,03 0,04 0,07 0,16 1,02 13,28 8,18 13,26 18,37 20,19 14,08 6,57 4,65
L 6723 0,09 0,14 0,36 1,92 12,85 35,53 31,22 11,62 4,09 1,31 0,55 0,20 0,07 0,06
14017 50 C 3725 0,07 0,22 0,35 1,40 12,05 41,59 40,91 3,26 0,12 0,03 0,01 0,00 0,00 0,00
O 10448 0,08 0,17 0,35 1,74 12,57 37,65 34,61 8,69 2,70 0,86 0,36 0,13 0,04 0,04
L 140959 0,39 0,37 0,78 1,83 4,57 10,20 16,21 18,18 17,33 12,87 9,83 4,67 1,67 1,08
14018 S2 C 14815 0,43 0,50 1,08 2,81 10,09 23,19 45,56 11,99 2,75 1,00 0,44 0,13 0,01 0,01
O 155774 0,40 0,39 0,81 1,92 5,09 11,41 18,95 17,61 15,97 11,76 8,96 4,25 1,51 0,98
L 88808 0,52 0,07 0,05 0,06 0,27 1,97 8,16 15,50 22,69 20,77 16,54 8,53 3,05 1,82
14020 S8p C 9728 0,05 0,04 0,08 0,21 0,78 8,19 63,47 22,90 2,88 0,90 0,36 0,11 0,00 0,02
O 98536 0,47 0,07 0,05 0,08 0,32 2,58 13,59 16,23 20,75 18,82 14,95 7,71 2,75 1,64
L 39790 1,04 1,16 3,46 6,07 11,44 18,72 22,64 17,69 10,74 4,49 1,75 0,52 0,17 0,11
14023 7 C 4346 0,52 1,56 5,07 12,16 23,69 26,63 22,86 5,69 1,37 0,33 0,09 0,02 0,00 0,01
O 44136 0,99 1,20 3,61 6,64 12,59 19,46 22,66 16,57 9,86 4,10 1,60 0,47 0,15 0,10
L 28861 0,05 0,00 0,01 0,02 0,09 0,50 2,74 6,26 13,40 20,58 23,89 16,90 8,55 7,01
14. Warszawa 14024 S7n C 5047 0,00 0,00 0,02 0,05 0,26 4,50 71,23 18,14 3,43 1,37 0,71 0,25 0,01 0,01
O 33908 0,04 0,00 0,01 0,03 0,11 1,08 12,71 7,99 11,95 17,78 20,52 14,47 7,31 6,00
L 6531 0,12 0,04 0,09 0,69 6,06 26,15 36,64 19,45 7,19 2,19 0,85 0,32 0,11 0,11
14027 50 C 1779 0,04 0,05 0,14 0,93 8,38 37,59 47,58 5,05 0,19 0,04 0,01 0,00 0,00 0,01
O 8310 0,10 0,04 0,10 0,74 6,54 28,52 38,91 16,47 5,73 1,75 0,67 0,25 0,09 0,08
L 3968 0,77 0,08 0,20 0,84 6,31 23,57 30,67 19,35 10,64 4,44 1,93 0,69 0,26 0,25
14028 50 C 2097 0,03 0,06 0,15 0,82 9,01 42,85 43,57 3,19 0,22 0,06 0,02 0,00 0,00 0,03
O 6065 0,51 0,07 0,18 0,83 7,24 30,20 35,11 13,79 7,06 2,93 1,27 0,46 0,17 0,18
L 69425 2,48 0,04 0,04 0,07 0,25 1,50 6,65 13,17 20,20 19,89 17,65 10,52 4,47 3,06
14030 S8l C 7250 0,09 0,04 0,05 0,11 0,64 6,46 69,29 18,12 3,20 1,23 0,59 0,18 0,01 0,02
O 76675 2,26 0,04 0,04 0,07 0,29 1,96 12,51 13,63 18,61 18,14 16,05 9,55 4,06 2,78
L 19298 0,12 0,01 0,02 0,04 0,11 0,43 2,15 5,16 10,92 17,97 23,14 18,62 10,55 10,77
14032 S7j C 3554 0,00 0,01 0,02 0,06 0,21 2,27 64,32 27,63 3,23 1,19 0,70 0,30 0,02 0,05
O 22852 0,10 0,01 0,02 0,04 0,13 0,71 11,60 8,57 9,75 15,42 19,73 15,83 8,95 9,14