Procentowy rozkład prędkości pojazdów silnikowych
w wybranych stacjach pomiarowych w 2022 roku
R06_01_2022
Procentowy udział pojazdów w poszczególnych zakresach prędkości [%]
y h h h h h
Lp. Oddział Numer Numer d z a h /m h /m h /m h /m h /m h /m h /m h /m /m k /m k /m k /m k /m k h /m
GDDKiA stacji drogi jo
P
k
9 2 -0
k
9 3 -0
3
k
9 4 -0
4
k
9 5 -0
5
k
9 6 -0
6
k
9 7 -0
7
k
9 8 -0
8
k
9 9 -0
9
9
0 1 -0
0
9
1 1 -0
1
9
2 1 -0
2
9
3 1 -0
3
9
4 1 -0
4
k
0 5 1
>
1 1 1 1 1
L 1,0 1,0 2,6 11,2 29,7 30,9 15,2 5,4 1,9 0,7 0,3 0,1 0,0 0,0
06011 74 C 2,4 2,4 4,9 15,0 32,4 27,5 10,8 2,9 0,9 0,4 0,2 0,0 0,0 0,1
O 1,3 1,3 3,0 11,9 30,2 30,3 14,4 4,9 1,7 0,6 0,2 0,1 0,0 0,0
L 0,3 0,4 0,7 2,9 17,8 38,4 24,8 9,4 3,3 1,2 0,5 0,2 0,1 0,1
06013 82 C 0,4 0,5 0,7 3,3 21,9 45,3 22,2 4,4 0,8 0,2 0,1 0,0 0,0 0,0
O 0,3 0,4 0,7 2,9 18,3 39,3 24,5 8,7 3,0 1,1 0,4 0,2 0,1 0,1
L 0,2 0,2 0,7 4,3 27,6 41,4 18,1 5,2 1,6 0,5 0,2 0,1 0,0 0,0
06014 2 C 0,2 0,3 0,8 4,9 29,0 44,0 18,1 2,1 0,5 0,1 0,1 0,0 0,0 0,0
O 0,2 0,2 0,7 4,4 28,0 42,1 18,1 4,3 1,3 0,4 0,2 0,1 0,0 0,0
L 0,1 0,1 0,2 0,9 6,5 25,2 34,2 18,3 8,2 3,7 1,5 0,6 0,3 0,2
06034 12 C 0,1 0,2 0,3 1,0 7,6 34,9 44,7 7,7 2,2 0,8 0,3 0,1 0,0 0,0
O 0,1 0,1 0,3 1,0 6,8 28,0 37,2 15,3 6,5 2,8 1,2 0,5 0,2 0,1
L 0,4 0,4 0,9 5,7 27,8 37,8 18,4 5,9 1,8 0,6 0,2 0,1 0,0 0,0
06060 17 C 0,5 0,5 1,3 6,3 27,2 38,5 19,8 4,6 1,0 0,2 0,1 0,0 0,0 0,0
O 0,4 0,4 1,0 5,8 27,6 37,9 18,7 5,6 1,6 0,5 0,2 0,1 0,0 0,0
L 0,0 0,0 0,0 0,2 1,2 8,1 24,5 20,6 17,8 13,0 7,5 3,8 1,7 1,5
06062 S19c C 0,0 0,1 0,1 0,3 1,7 13,9 63,0 14,1 3,7 1,9 0,8 0,3 0,1 0,1
n
3.
ilb O 0,0 0,0 0,1 0,2 1,4 10,6 41,1 17,8 11,7 8,2 4,6 2,3 1,0 0,9
u L 0,2 0,3 1,0 5,0 24,0 38,2 21,3 6,7 2,2 0,7 0,2 0,1 0,0 0,0
L
06063 12h C 0,4 0,6 1,3 4,7 21,9 41,2 25,9 2,9 0,6 0,2 0,1 0,0 0,0 0,0
O 0,3 0,4 1,1 4,9 23,3 39,2 22,9 5,4 1,6 0,5 0,2 0,1 0,0 0,0
L 0,1 0,1 0,3 1,2 7,3 27,7 36,2 17,9 6,0 2,1 0,7 0,3 0,1 0,1
06064 17 C 0,1 0,1 0,4 1,3 9,4 36,1 39,1 9,9 2,4 0,7 0,2 0,1 0,0 0,1
O 0,1 0,1 0,3 1,2 7,8 29,7 36,9 16,0 5,1 1,8 0,6 0,2 0,1 0,1
L 0,0 0,0 0,2 0,8 4,0 13,7 25,5 25,7 16,6 8,2 3,3 1,3 0,5 0,3
06090 74f C 0,1 0,1 0,3 1,3 7,1 25,3 40,0 16,0 6,4 2,5 0,7 0,2 0,1 0,1
O 0,0 0,1 0,2 0,9 4,8 16,6 29,1 23,3 14,0 6,7 2,7 1,0 0,4 0,2
L 0,1 0,1 0,5 3,3 21,0 38,0 24,9 8,3 2,5 0,8 0,3 0,1 0,0 0,0
06502 12 C 0,1 0,1 0,8 4,8 28,4 43,1 20,2 2,2 0,1 0,0 0,0 0,0 0,0 0,0
O 0,1 0,1 0,6 3,6 22,6 39,1 23,9 7,0 2,0 0,7 0,2 0,1 0,0 0,0
L 0,1 0,4 6,8 27,2 20,5 18,8 15,7 6,4 2,4 1,0 0,4 0,1 0,1 0,0
06503 17 C 0,4 0,6 6,8 26,8 21,1 24,0 18,3 1,8 0,2 0,0 0,0 0,0 0,0 0,0
O 0,2 0,5 6,8 27,2 20,5 19,5 16,0 5,8 2,1 0,9 0,3 0,1 0,0 0,0
L 0,8 1,7 3,8 11,7 24,3 24,8 18,8 8,5 3,4 1,4 0,5 0,2 0,1 0,0
06505 74 C 0,8 1,8 4,9 22,9 26,5 19,9 21,8 1,4 0,1 0,0 0,0 0,0 0,0 0,0
O 0,8 1,7 4,1 15,1 25,0 23,3 19,7 6,3 2,4 1,0 0,4 0,1 0,0 0,0
L 0,3 0,0 0,0 0,0 0,1 0,3 2,1 5,2 12,4 21,5 26,1 17,7 9,3 5,0
08001 S3a C 0,0 0,0 0,0 0,0 0,3 3,5 67,6 17,8 5,1 3,1 1,8 0,7 0,1 0,0
O 0,3 0,0 0,0 0,0 0,1 1,0 15,1 7,7 10,9 17,9 21,3 14,3 7,5 4,0
L 0,1 0,0 0,0 0,0 0,1 0,4 2,1 5,2 12,0 20,5 26,0 18,5 9,8 5,4
08088 S3a C 0,0 0,0 0,0 0,1 0,7 4,7 67,2 17,9 4,9 2,4 1,4 0,5 0,1 0,0
a O 0,0 0,0 0,0 0,0 0,2 1,2 15,2 7,7 10,5 16,9 21,1 14,9 7,8 4,3
r
ó
G L 0,2 0,1 0,1 0,2 0,7 2,7 7,0 11,5 12,3 25,0 8,5 15,4 11,5 4,7
4. a 08502 A2 C 0,5 0,2 0,2 0,4 1,8 8,3 59,7 26,0 1,5 0,8 0,2 0,2 0,1 0,0
n
o O 0,3 0,1 0,2 0,3 1,2 5,1 29,7 17,7 7,6 14,6 5,0 8,9 6,6 2,7
le
iZ L 0,3 1,1 9,3 36,2 36,7 12,4 3,0 0,7 0,2 0,1 0,0 0,0 0,0 0,0
08900 92b C 0,3 1,1 10,9 44,2 33,5 8,5 1,4 0,1 0,0 0,0 0,0 0,0 0,0 0,0
O 0,3 1,1 9,9 39,2 35,5 10,9 2,4 0,5 0,1 0,0 0,0 0,0 0,0 0,0
L 0,0 0,1 0,3 0,7 3,9 17,8 32,6 23,9 12,1 5,0 2,3 0,8 0,3 0,1
08902 32 C 0,0 0,1 0,4 0,9 8,7 40,1 42,9 5,4 1,1 0,2 0,1 0,0 0,0 0,0
O 0,0 0,1 0,3 0,7 4,6 21,2 34,2 21,1 10,4 4,3 1,9 0,7 0,3 0,1