Procentowy rozkład prędkości pojazdów silnikowych
w wybranych stacjach pomiarowych w 2022 roku
R06_01_2022
Procentowy udział pojazdów w poszczególnych zakresach prędkości [%]
y h h h h h
Lp. Oddział Numer Numer d z a h /m h /m h /m h /m h /m h /m h /m h /m /m k /m k /m k /m k /m k h /m
GDDKiA stacji drogi jo
P
k
9 2 -0
k
9 3 -0
3
k
9 4 -0
4
k
9 5 -0
5
k
9 6 -0
6
k
9 7 -0
7
k
9 8 -0
8
k
9 9 -0
9
9
0 1 -0
0
9
1 1 -0
1
9
2 1 -0
2
9
3 1 -0
3
9
4 1 -0
4
k
0 5 1
>
1 1 1 1 1
L 0,0 0,0 0,0 0,0 0,1 0,4 2,2 5,1 10,3 16,7 19,3 19,7 13,5 12,8
18003 A4 C 0,0 0,0 0,0 0,0 0,3 3,1 38,2 18,3 12,0 10,5 8,1 5,1 2,6 1,7
O 0,0 0,0 0,0 0,0 0,1 1,1 12,1 8,7 10,7 15,0 16,2 15,7 10,5 9,8
L 0,1 0,1 0,8 6,6 24,7 34,4 21,3 8,0 2,6 0,8 0,3 0,1 0,0 0,0
18004 94 C 0,3 0,4 1,2 8,4 31,5 36,0 16,6 4,2 1,0 0,3 0,1 0,0 0,0 0,0
O 0,1 0,2 0,9 6,9 25,7 34,7 20,6 7,5 2,4 0,7 0,2 0,1 0,0 0,0
L 0,2 0,3 1,7 15,0 42,6 28,2 8,4 2,4 0,8 0,3 0,1 0,0 0,0 0,0
18005 73 C 0,3 0,4 1,7 13,1 43,8 30,9 8,4 1,1 0,2 0,1 0,0 0,0 0,0 0,1
O 0,2 0,3 1,7 14,4 43,0 29,0 8,4 2,0 0,6 0,2 0,1 0,0 0,0 0,0
L 0,0 0,0 0,0 0,1 0,2 1,1 4,5 8,9 14,1 18,3 18,2 16,0 10,0 8,5
18012 A4 C 0,0 0,0 0,0 0,2 1,0 5,7 33,8 19,6 12,4 10,8 7,9 4,7 2,3 1,5
O 0,0 0,0 0,0 0,1 0,4 2,3 12,1 11,7 13,7 16,4 15,5 13,1 8,0 6,7
L 0,4 0,4 1,4 11,7 39,4 32,6 10,5 2,7 0,7 0,2 0,1 0,0 0,0 0,0
18013 28 C 0,6 0,6 1,8 14,3 43,4 29,4 8,1 1,5 0,3 0,1 0,0 0,0 0,0 0,0
O 0,4 0,4 1,5 12,0 40,0 32,1 10,1 2,5 0,6 0,2 0,1 0,0 0,0 0,0
L 0,1 0,2 0,8 6,8 25,2 31,2 17,9 11,9 4,0 1,4 0,3 0,1 0,0 0,0
w 18018 94 C 0,5 0,3 1,1 10,5 32,7 31,1 13,5 7,5 1,9 0,6 0,2 0,1 0,0 0,0
ó O 0,1 0,2 0,8 7,0 25,8 31,2 17,6 11,6 3,9 1,4 0,3 0,1 0,0 0,0
7. z s
e L 0,1 0,2 0,8 7,1 33,9 38,1 13,7 4,1 1,3 0,5 0,2 0,1 0,0 0,0
z
R 18019 9 C 0,2 0,2 0,7 6,3 33,9 41,9 13,6 2,4 0,6 0,2 0,1 0,0 0,0 0,0
O 0,1 0,2 0,8 6,9 33,9 38,9 13,7 3,7 1,1 0,4 0,1 0,1 0,0 0,0
L 0,1 0,1 1,3 7,3 16,6 25,8 21,5 14,5 7,9 3,2 1,2 0,4 0,1 0,1
18069 77 C 0,1 0,2 1,3 8,0 23,3 31,1 20,1 10,0 3,8 1,2 0,4 0,1 0,0 0,0
O 0,1 0,2 1,3 7,4 17,7 26,7 21,2 13,7 7,2 2,9 1,0 0,3 0,1 0,1
L 0,1 0,3 0,8 4,5 24,1 39,8 20,3 6,6 2,2 0,8 0,3 0,1 0,0 0,0
18070 9 C 0,1 0,2 0,7 4,1 23,1 42,6 24,1 4,2 0,6 0,2 0,0 0,0 0,0 0,0
O 0,1 0,3 0,8 4,4 23,8 40,6 21,3 6,0 1,8 0,6 0,2 0,1 0,0 0,0
L 0,3 0,3 1,1 7,9 32,6 36,7 14,6 4,3 1,4 0,4 0,1 0,1 0,0 0,0
18071 28 C 0,3 0,4 1,5 10,0 35,7 35,7 12,8 2,8 0,5 0,1 0,0 0,0 0,0 0,1
O 0,3 0,4 1,2 8,4 33,3 36,5 14,2 4,0 1,2 0,4 0,1 0,0 0,0 0,0
L 0,3 0,3 1,4 10,1 35,3 28,9 14,5 6,9 1,6 0,5 0,1 0,1 0,0 0,0
18501 94j C 0,4 0,5 2,7 17,1 35,8 23,6 14,3 4,9 0,4 0,1 0,0 0,1 0,0 0,0
O 0,3 0,3 1,6 11,0 35,4 28,2 14,5 6,6 1,5 0,5 0,1 0,1 0,0 0,0
L 0,7 0,7 3,5 12,9 25,8 21,0 12,6 8,0 9,9 2,1 2,2 0,4 0,2 0,1
18503 9 C 0,9 0,5 1,2 7,2 29,4 29,8 12,5 5,2 8,8 2,1 2,1 0,3 0,0 0,0
O 0,7 0,6 2,8 11,0 27,0 23,9 12,6 7,1 9,6 2,1 2,1 0,4 0,1 0,1
L 0,6 0,7 1,8 6,8 25,0 40,3 18,7 4,5 1,1 0,3 0,1 0,0 0,0 0,0
20002 8 C 0,4 1,0 2,9 7,0 25,4 43,6 17,3 1,9 0,3 0,1 0,0 0,0 0,0 0,0
O 0,5 0,8 2,4 6,9 25,2 41,9 18,0 3,2 0,7 0,2 0,1 0,0 0,0 0,0
L 0,1 0,2 0,4 1,1 5,5 19,8 33,4 23,9 10,0 3,6 1,3 0,5 0,2 0,1
20003 65 C 0,2 0,4 0,6 1,7 8,4 29,5 40,5 13,0 3,9 1,2 0,4 0,1 0,0 0,0
O 0,2 0,2 0,4 1,2 6,0 21,6 34,7 21,9 8,8 3,2 1,1 0,4 0,1 0,1
L 0,6 0,7 1,0 4,0 15,1 28,9 27,3 14,4 5,4 1,8 0,5 0,2 0,0 0,0
20008 64 C 1,3 1,5 1,8 4,9 17,8 32,5 26,7 9,5 2,7 0,8 0,2 0,1 0,0 0,2
O 0,8 0,9 1,2 4,2 15,7 29,7 27,2 13,2 4,8 1,5 0,5 0,1 0,0 0,1
L 0,0 0,0 0,0 0,0 0,1 0,6 2,9 6,9 13,4 21,1 23,0 15,3 7,1 9,4
k 20010 S61 C 0,0 0,0 0,0 0,1 0,3 2,9 54,4 24,5 7,1 5,1 3,4 1,3 0,5 0,4
o
t O 0,0 0,0 0,0 0,1 0,2 1,5 23,0 13,8 10,9 14,9 15,3 9,9 4,5 5,9
8. s y
ła L 0,2 0,2 0,5 2,6 18,6 43,6 28,5 4,7 0,8 0,2 0,1 0,0 0,0 0,0
iB
20042 19 C 0,2 0,3 0,6 3,1 28,4 48,5 16,9 1,5 0,3 0,1 0,0 0,0 0,0 0,1
O 0,2 0,3 0,5 2,7 21,1 44,8 25,5 3,9 0,7 0,2 0,1 0,0 0,0 0,0
L 0,1 0,2 0,4 1,8 14,7 38,8 30,3 9,8 2,8 0,7 0,3 0,1 0,0 0,0
20043 19 C 0,1 0,2 0,5 2,0 13,1 39,7 36,5 6,5 1,0 0,3 0,1 0,0 0,0 0,0
O 0,1 0,2 0,4 1,8 14,4 39,0 31,4 9,2 2,5 0,7 0,3 0,1 0,0 0,0
L 0,0 0,0 0,0 0,1 0,9 10,4 42,3 23,0 11,7 6,9 3,1 1,1 0,4 0,2
20503 8i C 0,0 0,0 0,0 0,1 1,0 14,7 74,2 9,5 0,2 0,1 0,0 0,0 0,0 0,0
O 0,0 0,0 0,0 0,1 0,9 13,2 63,2 14,2 4,2 2,4 1,1 0,4 0,1 0,1
L 0,0 0,0 0,0 0,1 0,3 1,8 8,1 14,2 20,8 25,0 17,6 7,7 2,9 1,5
20504 S61f C 0,0 0,0 0,0 0,1 0,7 7,9 71,8 18,2 0,8 0,3 0,1 0,0 0,0 0,0
O 0,0 0,0 0,0 0,1 0,6 5,3 44,6 16,5 9,3 10,9 7,6 3,3 1,3 0,6