7. Lublin
L 24278 0,00 0,00 0,00 0,02 0,11 0,85 4,79 8,71 15,91 23,00 21,10 13,26 6,72 5,52
06033 S12s C 5975 0,00 0,01 0,01 0,04 0,22 5,23 86,22 7,30 0,73 0,15 0,07 0,03 0,00 0,00
O 30253 0,00 0,00 0,00 0,02 0,13 1,70 20,69 8,43 12,95 18,54 17,00 10,68 5,40 4,45
L 8201 0,11 0,12 0,29 1,02 6,99 27,35 34,29 16,49 7,43 3,47 1,47 0,59 0,23 0,16
06034 12 C 2186 0,10 0,13 0,27 0,93 9,14 42,88 43,97 2,25 0,28 0,02 0,01 0,00 0,00 0,00
O 10387 0,11 0,12 0,28 1,00 7,44 30,60 36,32 13,51 5,93 2,75 1,16 0,47 0,18 0,12
L 25878 0,00 0,01 0,01 0,03 0,17 1,25 6,08 10,42 17,21 24,09 19,75 11,50 5,33 4,15
06035 S12s C 6003 0,00 0,02 0,03 0,10 0,38 6,11 87,74 5,05 0,46 0,07 0,03 0,01 0,00 0,00
O 31881 0,00 0,01 0,01 0,04 0,21 2,16 21,28 9,42 14,10 19,62 16,08 9,36 4,34 3,37
L 23844 0,00 0,00 0,01 0,03 0,21 1,69 7,78 12,39 18,86 24,08 18,48 9,98 4,12 2,36
06036 S12s C 5565 0,00 0,01 0,02 0,09 0,81 13,90 81,23 3,26 0,49 0,11 0,06 0,03 0,00 0,00
O 29409 0,00 0,00 0,01 0,04 0,32 4,01 21,72 10,66 15,37 19,53 14,99 8,09 3,34 1,91
L 18257 0,00 0,00 0,00 0,02 0,13 1,03 6,10 11,71 18,29 24,49 19,23 11,08 4,84 3,08
06037 S12s C 4206 0,00 0,01 0,02 0,06 0,36 7,05 86,17 5,30 0,77 0,15 0,08 0,03 0,00 0,00
O 22463 0,00 0,00 0,01 0,03 0,18 2,23 21,97 10,44 14,82 19,66 15,43 8,89 3,88 2,47
L 31025 0,00 0,00 0,01 0,06 0,55 2,56 9,42 14,53 17,47 21,40 18,12 9,54 3,76 2,56
06038 S12s C 4121 0,00 0,01 0,03 0,22 1,82 10,28 55,35 21,93 7,29 1,93 0,72 0,24 0,08 0,07
O 35146 0,00 0,00 0,01 0,08 0,70 3,46 14,76 15,39 16,29 19,14 16,10 8,46 3,33 2,27
L 13449 0,06 0,13 0,25 1,91 12,87 34,77 33,91 11,94 2,97 0,83 0,26 0,08 0,02 0,01
06040 12 C 2329 0,04 0,06 0,20 1,49 14,11 45,06 36,61 2,29 0,15 0,00 0,00 0,00 0,00 0,00
O 15778 0,05 0,12 0,24 1,84 13,05 36,28 34,31 10,52 2,56 0,71 0,22 0,07 0,02 0,01
L 26446 0,00 0,00 0,00 0,02 0,15 1,05 5,41 10,93 17,29 24,10 20,94 12,19 5,18 2,73
06041 S19d C 3613 0,00 0,01 0,02 0,05 0,35 6,11 81,37 10,67 0,97 0,24 0,14 0,07 0,00 0,00
O 30059 0,00 0,00 0,01 0,02 0,17 1,65 14,41 10,90 15,35 21,27 18,48 10,76 4,57 2,41
L 6478 0,23 0,27 1,07 8,77 32,97 34,70 15,06 4,75 1,46 0,46 0,17 0,06 0,02 0,02
06060 17 C 852 0,34 0,42 1,77 10,20 34,75 36,54 14,31 1,57 0,09 0,00 0,00 0,00 0,00 0,00
O 7330 0,25 0,29 1,15 8,93 33,18 34,92 14,97 4,38 1,30 0,41 0,15 0,05 0,02 0,02
L 8160 0,21 0,35 1,53 8,65 26,53 35,21 19,01 5,74 1,84 0,62 0,20 0,07 0,02 0,01
06063 12 C 2165 0,44 0,58 1,48 6,24 22,11 40,22 28,03 0,88 0,01 0,00 0,00 0,00 0,00 0,00
O 10325 0,25 0,40 1,52 8,15 25,61 36,24 20,88 4,74 1,46 0,49 0,16 0,05 0,02 0,01
L 12271 0,08 0,07 0,29 1,70 10,12 32,12 34,34 14,46 4,50 1,52 0,53 0,18 0,06 0,03
06064 17 C 1803 0,04 0,06 0,24 1,82 14,06 44,68 36,30 2,55 0,23 0,01 0,00 0,00 0,00 0,00
O 14074 0,08 0,07 0,29 1,72 10,61 33,70 34,58 12,96 3,96 1,33 0,47 0,15 0,05 0,03
L 1825 0,01 0,02 0,11 0,71 3,77 13,10 25,40 25,78 16,79 8,57 3,54 1,32 0,52 0,34
06090 74f C 332 0,03 0,05 0,22 0,93 7,41 31,06 53,92 5,97 0,38 0,03 0,01 0,00 0,00 0,00
O 2157 0,01 0,03 0,13 0,74 4,31 15,76 29,64 22,84 14,36 7,30 3,02 1,13 0,44 0,29
L 12000 0,77 1,00 7,43 36,53 37,93 12,61 2,89 0,61 0,16 0,05 0,01 0,00 0,00 0,00
10002 12 C 1981 0,66 0,88 7,12 46,74 35,64 7,75 1,17 0,03 0,00 0,00 0,00 0,00 0,00 0,00
O 13981 0,75 0,99 7,39 37,95 37,61 11,93 2,65 0,53 0,14 0,04 0,01 0,00 0,00 0,00
L 8058 0,16 0,22 0,71 4,89 22,24 33,13 23,21 9,56 3,64 1,46 0,51 0,16 0,06 0,05
10003 72 C 217 0,25 0,38 0,93 5,64 26,43 40,05 21,90 4,15 0,20 0,05 0,01 0,00 0,00 0,02
O 8275 0,16 0,22 0,72 4,91 22,35 33,31 23,18 9,42 3,56 1,42 0,50 0,16 0,06 0,05
L 20325 0,00 0,00 0,01 0,06 0,36 2,38 10,71 21,54 31,24 21,32 8,63 2,59 0,74 0,41
10006 S14c C 1779 0,01 0,02 0,03 0,09 0,63 8,61 69,56 19,29 1,55 0,17 0,04 0,01 0,00 0,00
O 22104 0,00 0,00 0,01 0,06 0,38 2,87 15,35 21,37 28,90 19,65 7,96 2,38 0,68 0,38
L 51689 0,30 0,08 0,07 0,09 0,12 0,53 3,72 7,67 11,93 17,91 20,32 19,94 10,32 7,00
10009 A2 C 12842 0,24 0,08 0,05 0,06 0,13 3,29 69,06 26,04 1,03 0,01 0,00 0,00 0,00 0,00
O 64531 0,29 0,08 0,06 0,09 0,13 1,06 16,44 11,25 9,81 14,42 16,37 16,05 8,31 5,63
L 35695 0,02 0,01 0,01 0,02 0,05 0,29 1,68 3,84 8,62 13,39 18,92 20,64 14,84 17,68
10010 A1 C 12122 0,01 0,00 0,01 0,03 0,18 3,64 67,04 25,13 2,37 0,86 0,47 0,24 0,02 0,01
O 47817 0,02 0,01 0,01 0,02 0,08 1,14 18,34 9,27 7,03 10,19 14,22 15,44 11,06 13,17
L 5777 0,19 0,28 1,56 10,80 32,63 31,36 15,44 5,16 1,74 0,58 0,18 0,05 0,02 0,01
10011 91c C 432 0,22 0,47 3,39 17,82 38,04 28,30 10,53 1,16 0,05 0,01 0,00 0,00 0,00 0,00
O 6209 0,20 0,29 1,68 11,28 32,99 31,15 15,11 4,89 1,62 0,54 0,17 0,05 0,02 0,01
L 8312 0,16 0,18 1,62 8,48 20,84 26,23 23,51 11,29 4,68 1,95 0,70 0,23 0,08 0,05
10013 74j C 1542 0,05 0,24 1,24 5,69 13,74 25,89 46,80 6,16 0,15 0,01 0,01 0,00 0,00 0,01
O 9854 0,15 0,19 1,57 8,14 19,97 26,19 26,35 10,67 4,13 1,71 0,62 0,20 0,07 0,04
L 45070 0,03 0,01 0,01 0,03 0,09 0,69 4,77 9,10 12,81 19,20 20,86 18,35 8,60 5,44
10015 A1 C 13044 0,02 0,01 0,01 0,04 0,19 4,94 67,34 26,86 0,59 0,01 0,00 0,00 0,00 0,00
O 58114 0,03 0,01 0,01 0,03 0,11 1,63 18,62 13,03 10,10 14,95 16,24 14,29 6,70 4,23
L 45228 0,06 0,02 0,02 0,06 0,09 0,49 3,92 8,31 11,45 17,98 20,83 19,13 10,33 7,31
8. Łódź 10016 A1 C 13800 0,04 0,02 0,02 0,05 0,15 2,98 58,62 37,17 0,91 0,04 0,00 0,00 0,00 0,00
O 59028 0,05 0,02 0,02 0,06 0,10 1,05 16,30 14,84 9,07 13,92 16,12 14,80 7,99 5,66
L 38548 0,06 0,01 0,01 0,03 0,07 0,28 1,94 4,21 9,52 14,56 19,61 20,19 13,76 15,75
10017 A1 C 10584 0,02 0,01 0,02 0,04 0,11 1,89 65,33 27,30 2,92 1,24 0,73 0,36 0,02 0,01
O 49132 0,05 0,01 0,01 0,03 0,08 0,62 15,50 9,15 8,11 11,71 15,57 15,95 10,82 12,38
L 18028 0,00 0,00 0,01 0,01 0,05 0,24 2,27 4,84 9,17 19,30 24,17 18,47 10,31 11,16
10019 S8e C 4941 0,00 0,00 0,01 0,01 0,06 1,91 77,89 18,03 1,60 0,29 0,12 0,04 0,01 0,01
O 22969 0,00 0,00 0,01 0,01 0,05 0,59 18,15 7,61 7,58 15,31 19,12 14,60 8,15 8,82
L 4908 0,15 0,13 0,27 1,81 10,21 29,81 31,41 14,25 6,97 3,02 1,15 0,43 0,26 0,13
10044 92 C 2433 0,14 0,14 0,23 1,25 9,51 38,50 49,01 1,00 0,16 0,04 0,01 0,00 0,00 0,00
O 7341 0,15 0,13 0,26 1,63 9,98 32,67 37,21 9,88 4,73 2,04 0,78 0,29 0,17 0,09
L 6074 0,43 0,15 0,46 3,39 16,92 33,33 26,12 11,82 4,39 1,83 0,73 0,27 0,10 0,07
10045 74j C 2521 0,10 0,12 0,51 2,40 15,44 41,54 35,03 4,58 0,21 0,04 0,01 0,00 0,00 0,01
O 8595 0,34 0,14 0,47 3,11 16,50 35,68 28,67 9,75 3,19 1,31 0,53 0,19 0,07 0,05
L 10233 0,08 0,16 0,58 2,46 12,42 24,49 26,72 17,88 9,12 3,96 1,42 0,45 0,15 0,11
10100 12 C 1519 0,19 0,26 0,49 4,70 25,02 38,47 26,55 4,17 0,12 0,02 0,00 0,00 0,00 0,00
O 11752 0,09 0,18 0,57 2,75 14,02 26,26 26,70 16,14 7,98 3,46 1,24 0,39 0,13 0,10
L 4221 0,36 3,25 66,25 26,22 2,39 1,00 0,36 0,11 0,04 0,01 0,00 0,00 0,00 0,00
10101 72 C 923 0,66 1,90 61,34 34,57 1,19 0,25 0,07 0,01 0,00 0,00 0,00 0,00 0,00 0,00
O 5144 0,41 3,01 65,40 27,68 2,18 0,87 0,31 0,09 0,03 0,01 0,00 0,00 0,00 0,00
L 3707 0,17 0,64 1,48 7,71 20,74 29,02 23,26 10,09 3,95 1,77 0,71 0,27 0,10 0,09
10104 12 C 1099 0,09 0,16 0,71 5,35 17,28 33,96 37,27 5,06 0,10 0,01 0,00 0,00 0,00 0,00
O 4806 0,15 0,53 1,31 7,18 19,96 30,14 26,43 8,95 3,08 1,37 0,55 0,21 0,08 0,07
L 8299 0,33 0,34 0,94 5,40 26,82 36,44 18,63 6,34 2,95 1,08 0,39 0,20 0,06 0,09
10106 14 C 1384 0,15 0,24 1,45 7,70 26,03 38,96 20,99 4,34 0,08 0,01 0,01 0,00 0,00 0,02
O 9683 0,31 0,32 1,01 5,73 26,71 36,80 18,96 6,05 2,54 0,93 0,34 0,17 0,06 0,08
L 3722 0,55 0,83 3,78 14,21 28,33 27,49 15,68 6,16 2,11 0,58 0,19 0,05 0,02 0,02
28003 16 C 1358 0,61 1,45 4,38 15,80 35,63 28,48 10,41 2,39 0,64 0,14 0,03 0,01 0,01 0,03
O 5080 0,57 0,99 3,94 14,62 30,22 27,75 14,32 5,18 1,73 0,47 0,15 0,04 0,02 0,02
L 4660 0,23 1,76 9,08 27,21 37,55 17,89 4,82 1,13 0,26 0,05 0,01 0,01 0,00 0,00
28006 51 C 661 0,33 1,99 11,58 41,62 33,55 9,24 1,36 0,22 0,05 0,01 0,01 0,01 0,00 0,04
O 5321 0,24 1,79 9,39 28,96 37,06 16,84 4,40 1,02 0,23 0,05 0,01 0,01 0,00 0,01
L 4241 0,09 0,12 0,37 1,59 8,45 25,39 32,71 19,10 8,15 2,64 0,91 0,28 0,13 0,09
28008 16 C 1098 0,09 0,23 0,62 3,72 20,13 38,82 29,02 5,50 1,32 0,34 0,10 0,03 0,02 0,07
O 5339 0,09 0,14 0,42 2,02 10,78 28,08 31,97 16,38 6,79 2,18 0,74 0,23 0,11 0,08
L 7687 0,01 0,01 0,01 0,03 0,09 0,40 2,62 5,85 11,78 24,09 26,92 14,98 6,86 6,37
28010 S61 C 5525 0,00 0,00 0,01 0,03 0,13 2,57 79,27 15,50 1,68 0,55 0,19 0,05 0,01 0,01
O 13212 0,00 0,01 0,01 0,03 0,10 1,31 34,68 9,89 7,55 14,24 15,74 8,74 4,00 3,71
L 11929 0,01 0,02 0,07 0,24 1,28 8,50 29,27 27,84 17,57 8,77 4,00 1,42 0,68 0,36
9. Olsztyn 28020 16c